1 2 0 3 6 0 1 7 1 8 
2 3 7 2 1 1 7 4 3 6 
5 5 9 6 9 4 8 5 0 2 
1 4 9 1 8 7 7 8 7 7 
7 8 9 3 3 9 2 7 0 7 
0 2 7 5 1 8 5 8 3 6 
5 0 6 4 1 3 7 2 1 7 
5 8 3 1 6 8 4 7 1 6 
5 4 9 0 8 1 1 0 0 4 
9 7 5 9 5 3 0 0 4 6 

5 6 4 5 3 1 0 8 3 6 
6 7 4 7 7 5 8 3 2 7 
6 8 1 1 1 1 1 9 8 2 
4 8 2 6 5 1 2 1 9 0 
4 6 4 7 3 9 3 5 9 5 
8 5 1 9 7 6 6 2 0 9 
2 9 0 9 1 4 3 8 7 7 
9 1 8 3 0 8 8 3 1 1 
3 0 2 7 2 7 6 9 6 5 
1 8 4 7 5 5 1 3 9 4 

129 160 132 172 93 175 113 109 180 101 
155 231 98 204 97 152 121 210 220 153 
264 352 149 305 162 232 178 280 311 233 
289 324 176 352 174 321 243 320 326 275 
307 338 180 308 210 239 211 255 247 261 
239 257 131 262 146 214 187 204 229 187 
147 252 87 214 109 128 85 201 228 158 
263 285 171 310 189 260 215 218 213 258 
149 224 94 164 104 136 78 195 210 148 
215 308 142 285 200 179 142 232 285 209 

129 160 132 172 93 175 113 109 180 101 
155 231 98 204 97 152 121 210 220 153 
264 352 149 305 162 232 178 280 311 233 
289 324 176 352 174 321 243 320 326 275 
307 338 180 308 210 239 211 255 247 261 
239 257 131 262 146 214 187 204 229 187 
147 252 87 214 109 128 85 201 228 158 
263 285 171 310 189 260 215 218 213 258 
149 224 94 164 104 136 78 195 210 148 
215 308 142 285 200 179 142 232 285 209 

